area:
  coords:
  - latitude: 35.152371
    longitude: 136.971762
  - latitude: 35.152371
    longitude: 136.989860
  - latitude: 35.161544
    longitude: 136.989860
  - latitude: 35.161544
    longitude: 136.971762
